# list of object assets to load in this scene
[ASSETS]
mario.txt
coin.txt
cloud.txt
brick.txt
Goomba.txt
ground.txt 
bigtrees.txt
smalltrees.txt
pinkbox.txt
bluebox1.txt
longgreenpipe.txt
greenbox1.txt
pinkbox2.txt
whitebox.txt
greenbox2.txt
ground2.txt
transparentblock.txt
smileclouds.txt
smilecloud.txt
fireball.txt
venusplant.txt
mushroom.txt
brickquestion.txt
brickcolor.txt
leaf.txt
koopa.txt
pipe.txt
hud.txt
effect.txt

#
[OBJECTS]
# type	x	y	extra_settings per object type
# type: 0 = Mario , 1 = Brick, 2 = Goomba, 3 = Koopas
# See OBJECT_TYPE constants in AssetIDs.h

#OBJJECTS
40	120	144	10	10	1	71000	72000	73000
40	240	179	0	0	1	81000	82000	83000
40	255	179	0	0	1	81000	82000	83000
40	270	179	0	0	1	81000	82000	83000
40	350	163	50	49	1	91000	92000	93000
40	382.5	147	53	80	1	101000	102000	103000
40	540	163	70	49	1	121000	122000	123000
40	592.5	147	63	80	1	131000	132000	133000
40	640.5	131	70	110	1	141000	142000	143000
40	655.5	171	95	30	1	151000	152000	153000


40	774.5	162	0	0	1	81000	82000	83000
40	790.5	162	0	0	1	81000	82000	83000
40	806.5	162	0	0	1	81000	82000	83000
40	822.5	162	0	0	1	81000	82000	83000
40	838.5	162	0	0	1	81000	82000	83000
40	854.5	162	0	0	1	81000	82000	83000
40	1142.5	162	0	0	1	81000	82000	83000
40	1158.5	162	0	0	1	81000	82000	83000
40	1285	180	0	0	1	81000	82000	83000
40	1300.5	180	0	0	1	81000	82000	83000
40	1315.5	180	0	0	1	81000	82000	83000


40	943.5	148	0	0	1	211000	212000	213000
40	980.5	148	0	0	1	211000	212000	213000
40	1020.5	148	0	0	1	211000	212000	213000
40	1072.5	148	0	0	1	211000	212000	213000


#CLOUDS
40	240	57	1	1	1	181000	182000	183000
40	405	43	1	1	1	191000	192000	193000
40	755	45	1	1	1	191000	192000	193000



#MARIO
0	20	10

#Goomba
2	250	160
2	880	160
2	920	160
3	1000	150


#Koopa
4	680	140
5	250	170


5	1300	170
5	900	170
5	1370	170
5	1400	170

6	190	80

#PIPE
70	460	163
#COIN

30	1180	120
30	1200	100
30	1220	80
30	1240	60
30	1260	40

#BRICK
1	210	110
1	195	110
1	180	110
1	165	110

1	455	90
1	470	90
1	1210	140

#TRANSPARENTBLOCK
700	735	200
700	460	179

#Musroom 
31	250	80

#QUESTION BRICK COIN AND MUSHROOM
34	250	130
34	265	130

34	310	80
35	325	80
35	758	163



#Platform
40	0	195	16	14	45	61000	62000	63000
40 	950	186	480	30	1	161000	162000	163000
40	1245	195	16	14	20	61000	62000	63000



#Portal 
50	200	80	216	100	1

