# id	left	top	right	bottom	texture_id
[SPRITES]
#################### PLANT SHOOT RED ####################

#LEFT UNDER
501	115	544	130	577	100
502	15	544	30	577	100
#LEFT TOP
503	165	544	180	577	100
504	65	544	80	577	100
#RIGHT TOP
507	215	544	230	577	100
508	315	544	330	577	100
#RIGHT UNDER
505	265	544	280	577	100
506	365	544	380	577	100


################### PLANT SHOOT GREEN ###################

#LEFT UNDER
521	115	398	130	423	100
522	15	398	30	423	100
#LETT TOP
523	165	398	180	423	100
524	65	398	80	423	100
#RIGHT TOP
527	215	398	230	423	100
528	315	398	330	423	100
#RIGHT UNDER
525	263	398	278	423	100
526	363	398	378	423	100

#################### PLANT NOT SHOOT  ###################

511	15	349	30	372	100
512	65	349	80	372	100


# ani_id	sprite1_id	time1	sprite2_id	time2	...
[ANIMATIONS]

##PLANT SHOOT RED

###LEFT UNDER
301	501	100
302	502	100
###LEFT TOP
303	503	100
304	504	100
###RIGHT TOP
305	505	100
306	506	100
###RIGHT UNDER
307	507	100
308	508	100

##PLANT SHOOT GREEN
321	521	100
322	522	100

323	523	100
324	524	100

325	525	100
326	526	100

327	527	100
328	528	100

##########PLANT  NOT SHOOT
311	511	300	512	300